spawn:
  loc:
    world: world
    x: -134.66037916961994
    y: 67.0
    z: -63.68714918001485
    yaw: 0.20056452
    pitch: 3.9000134
